{
 "cells": [
  {
   "cell_type": "code",
   "execution_count": 65,
   "metadata": {},
   "outputs": [
    {
     "name": "stdout",
     "output_type": "stream",
     "text": [
      "[[[ 51.  52.  53.  54.  55.  56.  57.  58.]\n",
      "  [ 52.  54.  56.  58.  60.  62.  64.  66.]\n",
      "  [ 53.  56.  59.  62.  65.  68.  71.  74.]\n",
      "  [ 54.  58.  62.  66.  70.  74.  78.  82.]\n",
      "  [ 55.  60.  65.  70.  75.  80.  85.  90.]\n",
      "  [ 56.  62.  68.  74.  80.  86.  92.  98.]\n",
      "  [ 57.  64.  71.  78.  85.  92.  99. 106.]\n",
      "  [ 58.  66.  74.  82.  90.  98. 106. 114.]]\n",
      "\n",
      " [[ 52.  54.  56.  58.  60.  62.  64.  66.]\n",
      "  [ 54.  58.  62.  66.  70.  74.  78.  82.]\n",
      "  [ 56.  62.  68.  74.  80.  86.  92.  98.]\n",
      "  [ 58.  66.  74.  82.  90.  98. 106. 114.]\n",
      "  [ 60.  70.  80.  90. 100. 110. 120. 130.]\n",
      "  [ 62.  74.  86.  98. 110. 122. 134. 146.]\n",
      "  [ 64.  78.  92. 106. 120. 134. 148. 162.]\n",
      "  [ 66.  82.  98. 114. 130. 146. 162. 178.]]\n",
      "\n",
      " [[ 53.  56.  59.  62.  65.  68.  71.  74.]\n",
      "  [ 56.  62.  68.  74.  80.  86.  92.  98.]\n",
      "  [ 59.  68.  77.  86.  95. 104. 113. 122.]\n",
      "  [ 62.  74.  86.  98. 110. 122. 134. 146.]\n",
      "  [ 65.  80.  95. 110. 125. 140. 155. 170.]\n",
      "  [ 68.  86. 104. 122. 140. 158. 176. 194.]\n",
      "  [ 71.  92. 113. 134. 155. 176. 197. 218.]\n",
      "  [ 74.  98. 122. 146. 170. 194. 218. 242.]]\n",
      "\n",
      " [[ 54.  58.  62.  66.  70.  74.  78.  82.]\n",
      "  [ 58.  66.  74.  82.  90.  98. 106. 114.]\n",
      "  [ 62.  74.  86.  98. 110. 122. 134. 146.]\n",
      "  [ 66.  82.  98. 114. 130. 146. 162. 178.]\n",
      "  [ 70.  90. 110. 130. 150. 170. 190. 210.]\n",
      "  [ 74.  98. 122. 146. 170. 194. 218. 242.]\n",
      "  [ 78. 106. 134. 162. 190. 218. 246. 274.]\n",
      "  [ 82. 114. 146. 178. 210. 242. 274. 306.]]\n",
      "\n",
      " [[ 55.  60.  65.  70.  75.  80.  85.  90.]\n",
      "  [ 60.  70.  80.  90. 100. 110. 120. 130.]\n",
      "  [ 65.  80.  95. 110. 125. 140. 155. 170.]\n",
      "  [ 70.  90. 110. 130. 150. 170. 190. 210.]\n",
      "  [ 75. 100. 125. 150. 175. 200. 225. 250.]\n",
      "  [ 80. 110. 140. 170. 200. 230. 260. 290.]\n",
      "  [ 85. 120. 155. 190. 225. 260. 295. 330.]\n",
      "  [ 90. 130. 170. 210. 250. 290. 330. 370.]]\n",
      "\n",
      " [[ 56.  62.  68.  74.  80.  86.  92.  98.]\n",
      "  [ 62.  74.  86.  98. 110. 122. 134. 146.]\n",
      "  [ 68.  86. 104. 122. 140. 158. 176. 194.]\n",
      "  [ 74.  98. 122. 146. 170. 194. 218. 242.]\n",
      "  [ 80. 110. 140. 170. 200. 230. 260. 290.]\n",
      "  [ 86. 122. 158. 194. 230. 266. 302. 338.]\n",
      "  [ 92. 134. 176. 218. 260. 302. 344. 386.]\n",
      "  [ 98. 146. 194. 242. 290. 338. 386. 434.]]\n",
      "\n",
      " [[ 57.  64.  71.  78.  85.  92.  99. 106.]\n",
      "  [ 64.  78.  92. 106. 120. 134. 148. 162.]\n",
      "  [ 71.  92. 113. 134. 155. 176. 197. 218.]\n",
      "  [ 78. 106. 134. 162. 190. 218. 246. 274.]\n",
      "  [ 85. 120. 155. 190. 225. 260. 295. 330.]\n",
      "  [ 92. 134. 176. 218. 260. 302. 344. 386.]\n",
      "  [ 99. 148. 197. 246. 295. 344. 393. 442.]\n",
      "  [106. 162. 218. 274. 330. 386. 442. 498.]]\n",
      "\n",
      " [[ 58.  66.  74.  82.  90.  98. 106. 114.]\n",
      "  [ 66.  82.  98. 114. 130. 146. 162. 178.]\n",
      "  [ 74.  98. 122. 146. 170. 194. 218. 242.]\n",
      "  [ 82. 114. 146. 178. 210. 242. 274. 306.]\n",
      "  [ 90. 130. 170. 210. 250. 290. 330. 370.]\n",
      "  [ 98. 146. 194. 242. 290. 338. 386. 434.]\n",
      "  [106. 162. 218. 274. 330. 386. 442. 498.]\n",
      "  [114. 178. 242. 306. 370. 434. 498. 562.]]]\n"
     ]
    }
   ],
   "source": [
    "#量子化テーブルの作成\n",
    "import numpy as np\n",
    "\n",
    "table = np.zeros((8,8,8))\n",
    "for i in range(8):\n",
    "    for j in range(8):\n",
    "        for k in range(8):\n",
    "            table[i,j,k] = (i+1) * (j+1) * (k+1)\n",
    "table += 50\n",
    "print(table)"
   ]
  },
  {
   "cell_type": "code",
   "execution_count": 18,
   "metadata": {},
   "outputs": [],
   "source": [
    "#８×８×８画像の作成\n",
    "#グラデーションが動くような感じ\n",
    "#photoshopで少しずつずらして8枚の画像をつくる\n",
    "#OpenCVで色データを読み取る\n",
    "#次回ミーティングまでに，三次元画像を，DCT,量子化，IDCTして復元して目視で確認するところまでやる\n",
    "import numpy as np\n",
    "import matplotlib.pyplot as plt\n",
    "import scipy\n",
    "import cv2\n",
    "\n",
    "img1 = cv2.imread(\"1.bmp\")\n",
    "img2 = cv2.imread(\"2.bmp\")\n",
    "img3 = cv2.imread(\"3.bmp\")\n",
    "img4 = cv2.imread(\"4.bmp\")\n",
    "img5 = cv2.imread(\"5.bmp\")\n",
    "img6 = cv2.imread(\"6.bmp\")\n",
    "img7 = cv2.imread(\"7.bmp\")\n",
    "img8 = cv2.imread(\"8.bmp\")\n",
    "\n",
    "\"\"\"\n",
    "cv2.namedWindow(\"Image1\", cv2.WINDOW_NORMAL)\n",
    "cv2.namedWindow(\"Image2\", cv2.WINDOW_NORMAL)\n",
    "cv2.namedWindow(\"Image3\", cv2.WINDOW_NORMAL)\n",
    "cv2.namedWindow(\"Image4\", cv2.WINDOW_NORMAL)\n",
    "cv2.namedWindow(\"Image5\", cv2.WINDOW_NORMAL)\n",
    "cv2.namedWindow(\"Image6\", cv2.WINDOW_NORMAL)\n",
    "cv2.namedWindow(\"Image7\", cv2.WINDOW_NORMAL)\n",
    "cv2.namedWindow(\"Image8\", cv2.WINDOW_NORMAL)\n",
    "cv2.imshow(\"Image1\", img1)\n",
    "cv2.imshow(\"Image2\", img2)\n",
    "cv2.imshow(\"Image3\", img3)\n",
    "cv2.imshow(\"Image4\", img4)\n",
    "cv2.imshow(\"Image5\", img5)\n",
    "cv2.imshow(\"Image6\", img6)\n",
    "cv2.imshow(\"Image7\", img7)\n",
    "cv2.imshow(\"Image8\", img8)\n",
    "cv2.waitKey()\n",
    "\"\"\"\n",
    "#YCrCbに変換\n",
    "img1_YCrCb = cv2.cvtColor(img1,cv2.COLOR_BGR2YCrCb)\n",
    "img2_YCrCb = cv2.cvtColor(img2,cv2.COLOR_BGR2YCrCb)\n",
    "img3_YCrCb = cv2.cvtColor(img3,cv2.COLOR_BGR2YCrCb)\n",
    "img4_YCrCb = cv2.cvtColor(img4,cv2.COLOR_BGR2YCrCb)\n",
    "img5_YCrCb = cv2.cvtColor(img5,cv2.COLOR_BGR2YCrCb)\n",
    "img6_YCrCb = cv2.cvtColor(img6,cv2.COLOR_BGR2YCrCb)\n",
    "img7_YCrCb = cv2.cvtColor(img7,cv2.COLOR_BGR2YCrCb)\n",
    "img8_YCrCb = cv2.cvtColor(img8,cv2.COLOR_BGR2YCrCb)\n",
    "#成分ごとに分割\n",
    "img1_Y, img1_Cr, img1_Cb = cv2.split(img1_YCrCb)\n",
    "img2_Y, img2_Cr, img2_Cb = cv2.split(img2_YCrCb)\n",
    "img3_Y, img3_Cr, img3_Cb = cv2.split(img3_YCrCb)\n",
    "img4_Y, img4_Cr, img4_Cb = cv2.split(img4_YCrCb)\n",
    "img5_Y, img5_Cr, img5_Cb = cv2.split(img5_YCrCb)\n",
    "img6_Y, img6_Cr, img6_Cb = cv2.split(img6_YCrCb)\n",
    "img7_Y, img7_Cr, img7_Cb = cv2.split(img7_YCrCb)\n",
    "img8_Y, img8_Cr, img8_Cb = cv2.split(img8_YCrCb)\n",
    "\n",
    "#統合(Y成分)\n",
    "img_Y = np.zeros((8,8,8))\n",
    "img_Y[0] = img1_Y\n",
    "img_Y[1] = img2_Y\n",
    "img_Y[2] = img3_Y\n",
    "img_Y[3] = img4_Y\n",
    "img_Y[4] = img5_Y\n",
    "img_Y[5] = img6_Y\n",
    "img_Y[6] = img7_Y\n",
    "img_Y[7] = img8_Y\n",
    "#print(img_Y)\n",
    "\n",
    "#統合(Cr成分)\n",
    "img_Cr = np.zeros((8,8,8))\n",
    "img_Cr[0] = img1_Cr\n",
    "img_Cr[1] = img2_Cr\n",
    "img_Cr[2] = img3_Cr\n",
    "img_Cr[3] = img4_Cr\n",
    "img_Cr[4] = img5_Cr\n",
    "img_Cr[5] = img6_Cr\n",
    "img_Cr[6] = img7_Cr\n",
    "img_Cr[7] = img8_Cr\n",
    "#print(img_Cr)\n",
    "\n",
    "#統合(Cb成分)\n",
    "img_Cb = np.zeros((8,8,8))\n",
    "img_Cb[0] = img1_Cb\n",
    "img_Cb[1] = img2_Cb\n",
    "img_Cb[2] = img3_Cb\n",
    "img_Cb[3] = img4_Cb\n",
    "img_Cb[4] = img5_Cb\n",
    "img_Cb[5] = img6_Cb\n",
    "img_Cb[6] = img7_Cb\n",
    "img_Cb[7] = img8_Cb\n",
    "#print(img_Cb)\n",
    "\n",
    "\n",
    "\n"
   ]
  },
  {
   "cell_type": "code",
   "execution_count": 66,
   "metadata": {},
   "outputs": [
    {
     "name": "stdout",
     "output_type": "stream",
     "text": [
      "1.7999524463363394\n",
      "-5.125830895906769\n",
      "-1.202689774307711\n"
     ]
    },
    {
     "data": {
      "text/plain": [
       "'\\n#確認\\nx_dif = np.zeros((8,8,8))\\nx_dif = img_Cb - Cb_recrypt\\nx_dif = x_dif.astype(np.int32)\\n#print(img_Y)\\n#print(Cb_recrypt)\\nprint(x_dif)\\n'"
      ]
     },
     "execution_count": 66,
     "metadata": {},
     "output_type": "execute_result"
    }
   ],
   "source": [
    "#IDCT\n",
    "\n",
    "import numpy as np\n",
    "import matplotlib.pyplot as plt\n",
    "\n",
    "#コサイン定数の定義\n",
    "C13 = -0.831469612\n",
    "C9 = -0.195090322\n",
    "C5 = 0.555570233\n",
    "\n",
    "\"\"\"\n",
    "C13 = -0.8\n",
    "C9 = -0.2\n",
    "C5 = 0.5\n",
    "\"\"\"\n",
    "#近い分数を調べてそれでやればいい？\n",
    "#いや，intにするときの丸め誤差の方が大きい気がする\n",
    "#それでもやらないとだめ\n",
    "#丸め誤差があっても逆Cでずれなければ大丈夫な可能性\n",
    "\n",
    "#課題：ハードウェアでやる場合の誤差伝搬をどう少なくするか\n",
    "\n",
    "C5_inv = 1 / C5\n",
    "C9_inv = 1 / C9\n",
    "C13_inv = 1 / C13\n",
    "\n",
    "print(C5_inv)\n",
    "print(C9_inv)\n",
    "print(C13_inv)\n",
    "\n",
    "#8*8*8を生成(8*8の同じ画像を8枚)\n",
    "#ランダム\n",
    "\"\"\"\n",
    "x_in1 = np.random.rand(8,8,8)*255\n",
    "x_in1 = x_in1.astype(np.int64)\n",
    "\"\"\"\n",
    "#自作\n",
    "Y = np.copy(img_Y)\n",
    "Cr = np.copy(img_Cr)\n",
    "Cb = np.copy(img_Cb)\n",
    "\n",
    "X_out1 = np.zeros((8,8,8))\n",
    "X_out2 = np.zeros((8,8,8))\n",
    "X_out3 = np.zeros((8,8,8))\n",
    "x_in2 = np.zeros((8,8,8))\n",
    "x_in3 = np.zeros((8,8,8))\n",
    "x_in3i = np.zeros((8,8,8))\n",
    "x_in2i = np.zeros((8,8,8))\n",
    "x_in1i = np.zeros((8,8,8))\n",
    "X_out1i = np.zeros((8,8,8))\n",
    "X_out2i = np.zeros((8,8,8))\n",
    "\n",
    "X_out = np.zeros((8,8,8))\n",
    "x_recrypt = np.zeros((8,8,8))\n",
    "\n",
    "def butterfly_1(x):\n",
    "    X = np.zeros(8)\n",
    "    X[0] = x[0] + x[1]\n",
    "    X[1] = x[2] + x[3]\n",
    "    X[2] = x[0] - x[1]\n",
    "    X[3] = x[2] - x[3]\n",
    "    X[4] = x[4] + x[5]\n",
    "    X[5] = x[6] + x[7]\n",
    "    X[6] = x[4] - x[5]\n",
    "    X[7] = x[6] - x[7]\n",
    "    return X\n",
    "\n",
    "def butterfly_2(x):\n",
    "    X = np.zeros(8)\n",
    "    X[0] = x[0] + x[1]\n",
    "    X[1] = x[4] + x[5]\n",
    "    X[2] = x[2] + x[3]\n",
    "    X[3] = x[6] + x[7]\n",
    "    X[4] = x[0] - x[1]\n",
    "    X[5] = x[4] - x[5]\n",
    "    X[6] = x[2] - x[3]\n",
    "    X[7] = x[6] - x[7]\n",
    "    return X\n",
    "\n",
    "def butterfly_3(x):\n",
    "    X = np.zeros(8)\n",
    "    X[0] = x[0] + x[1]\n",
    "    X[1] = x[0] - x[1]\n",
    "    X[2] = x[2] + x[3]\n",
    "    X[3] = x[2] - x[3]\n",
    "    X[4] = x[4] + x[5]\n",
    "    X[5] = x[4] - x[5]\n",
    "    X[6] = x[6] + x[7]\n",
    "    X[7] = x[6] - x[7]\n",
    "    return X\n",
    "\n",
    "def cosine(x):\n",
    "    X = np.zeros(8)\n",
    "    X[0] = x[0]\n",
    "    X[1] = x[1]*C13\n",
    "    X[2] = x[2]*C9\n",
    "    X[3] = x[3]*C9*C13\n",
    "    X[4] = x[4]*C5\n",
    "    X[5] = x[5]*C13*C5\n",
    "    X[6] = x[6]*C9*C5\n",
    "    X[7] = x[7]*C13*C9*C5\n",
    "    return X\n",
    "\n",
    "def Ibutterfly_1(X):\n",
    "    x = np.zeros(8)\n",
    "    x[0] = 0.5*(X[0] + X[2])\n",
    "    x[1] = 0.5*(X[0] - X[2])\n",
    "    x[2] = 0.5*(X[1] + X[3])\n",
    "    x[3] = 0.5*(X[1] - X[3])\n",
    "    x[4] = 0.5*(X[4] + X[6])\n",
    "    x[5] = 0.5*(X[4] - X[6])\n",
    "    x[6] = 0.5*(X[5] + X[7])\n",
    "    x[7] = 0.5*(X[5] - X[7])\n",
    "    return x\n",
    "\n",
    "def Ibutterfly_2(X):\n",
    "    x = np.zeros(8)\n",
    "    x[0] = (X[0] + X[4]) / 2.0\n",
    "    x[1] = (X[0] - X[4]) / 2.0\n",
    "    x[2] = (X[2] + X[6]) / 2.0\n",
    "    x[3] = (X[2] - X[6]) / 2.0\n",
    "    x[4] = (X[1] + X[5]) / 2.0\n",
    "    x[5] = (X[1] - X[5]) / 2.0\n",
    "    x[6] = (X[3] + X[7]) / 2.0\n",
    "    x[7] = (X[3] - X[7]) / 2.0\n",
    "    return x\n",
    "\n",
    "def Ibutterfly_3(X):\n",
    "    x = np.zeros(8)\n",
    "    x[0] = 0.5 * (X[0] + X[1])\n",
    "    x[1] = 0.5 * (X[0] - X[1])\n",
    "    x[2] = 0.5 * (X[2] + X[3])\n",
    "    x[3] = 0.5 * (X[2] - X[3])\n",
    "    x[4] = 0.5 * (X[4] + X[5])\n",
    "    x[5] = 0.5 * (X[4] - X[5])\n",
    "    x[6] = 0.5 * (X[6] + X[7])\n",
    "    x[7] = 0.5 * (X[6] - X[7])\n",
    "    return x\n",
    "\n",
    "def inv_cosine(X):\n",
    "    x = np.zeros(8)\n",
    "    x[0] = X[0]\n",
    "    x[1] = X[1] * C13_inv\n",
    "    x[2] = X[2] * C9_inv\n",
    "    x[3] = X[3] * (C9_inv * C13_inv)\n",
    "    x[4] = X[4] * C5_inv\n",
    "    x[5] = X[5] * (C5_inv * C13_inv)\n",
    "    x[6] = X[6] * (C5_inv * C9_inv)\n",
    "    x[7] = X[7] * (C5_inv * C9_inv * C13_inv)\n",
    "    return x\n",
    "\n",
    "def DCT1(x_in):\n",
    "    X_1 = butterfly_1(x_in)\n",
    "    X_2 = butterfly_2(X_1)\n",
    "    X_3 = butterfly_3(X_2)\n",
    "    X_out = cosine(X_3)\n",
    "    return X_out\n",
    "\n",
    "def IDCT1(X_out):\n",
    "    X_3 = inv_cosine(X_out)\n",
    "    X_2 = Ibutterfly_3(X_3)\n",
    "    X_1 = Ibutterfly_2(X_2)\n",
    "    x = Ibutterfly_1(X_1)\n",
    "    return x\n",
    "\n",
    "def DCT(x_in):\n",
    "    for i in range(8):\n",
    "        x = x_in[i]\n",
    "        X_out = DCT1(x)\n",
    "        x_in[i] = X_out\n",
    "    return x_in\n",
    "    \n",
    "def IDCT(X_out):\n",
    "    for i in range(8):\n",
    "        X = X_out[i]\n",
    "        x = IDCT1(X)\n",
    "        X_out[i] = x\n",
    "    return X_out\n",
    "\n",
    "def tenchi(x):\n",
    "    for i in range(8):\n",
    "        x[i] = np.transpose(x[i])\n",
    "    return x\n",
    "\n",
    "def DCT_3D(x_in1, X_out1, x_in2, X_out2, x_in3, X_out3):\n",
    "    # ｘ方向   \n",
    "    for i in range(8):\n",
    "        X_out1[i] = DCT(x_in1[i])\n",
    "    #転置\n",
    "    x_in2 = tenchi(X_out1)\n",
    "    #ｙ方向\n",
    "    for i in range(8):\n",
    "        X_out2[i] = DCT(x_in2[i])\n",
    "    #ｚ方向\n",
    "    x_in3 = np.copy(X_out2)\n",
    "    x_in3 = np.rot90(x_in3, 1, axes=(2,0))\n",
    "    for i in range(8):\n",
    "        X_out3[i] = DCT(x_in3[i])\n",
    "    #X_out3 = np.rot90(X_out3, -1, axes=(2,0)) #元に戻す回転（あえてやる必要はない）\n",
    "    X_out3 = X_out3.astype(np.int64)\n",
    "    #print(X_out3)\n",
    "    return X_out3\n",
    "\n",
    "def IDCT_3D(X_out3, x_in3i, X_out2i, x_in2i, X_out1i, x_in1i):\n",
    "    #z方向\n",
    "    for i in range(8):\n",
    "        x_in3i[i] = IDCT(X_out3[i])\n",
    "    x_in3i = np.rot90(x_in3i, -1, axes=(2,0))\n",
    "    X_out2i = np.copy(x_in3i)\n",
    "    #y方向\n",
    "    for i in range(8):\n",
    "        x_in2i[i] = IDCT(X_out2i[i])\n",
    "    #転置\n",
    "    X_out1i = tenchi(x_in2i)\n",
    "    # ｘ方向   \n",
    "    for i in range(8):\n",
    "        x_in1i[i] = IDCT(X_out1i[i])\n",
    "    x_in1i = x_in1i.astype(np.int64)\n",
    "    #print(x_in1i)\n",
    "    return x_in1i\n",
    "\n",
    "#変換\n",
    "#Y\n",
    "#DCT\n",
    "X_out3 = DCT_3D(Y, X_out1, x_in2, X_out2, x_in3, X_out3)\n",
    "#量子化\n",
    "X_out3 = X_out3/table\n",
    "X_out3 = X_out3.astype(np.int64)\n",
    "X_out3 = X_out3*table\n",
    "#IDCT\n",
    "Y_recrypt = IDCT_3D(X_out3, x_in3i, X_out2i, x_in2i, X_out1i, x_in1i)\n",
    "\n",
    "#Cr\n",
    "X_out3 = DCT_3D(Cr, X_out1, x_in2, X_out2, x_in3, X_out3)\n",
    "#量子化\n",
    "X_out3 = X_out3/table\n",
    "X_out3 = X_out3.astype(np.int64)\n",
    "X_out3 = X_out3*table\n",
    "Cr_recrypt = IDCT_3D(X_out3, x_in3i, X_out2i, x_in2i, X_out1i, x_in1i)\n",
    "\n",
    "#Cb\n",
    "X_out3 = DCT_3D(Cb, X_out1, x_in2, X_out2, x_in3, X_out3)\n",
    "#量子化\n",
    "X_out3 = X_out3/table\n",
    "X_out3 = X_out3.astype(np.int64)\n",
    "X_out3 = X_out3*table\n",
    "Cb_recrypt = IDCT_3D(X_out3, x_in3i, X_out2i, x_in2i, X_out1i, x_in1i)\n",
    "\n",
    "\"\"\"\n",
    "#確認\n",
    "x_dif = np.zeros((8,8,8))\n",
    "x_dif = img_Cb - Cb_recrypt\n",
    "x_dif = x_dif.astype(np.int32)\n",
    "#print(img_Y)\n",
    "#print(Cb_recrypt)\n",
    "print(x_dif)\n",
    "\"\"\"\n",
    "\n",
    "#DCTの段階ごとにIDCTと比較する\n",
    "\n",
    "#DCTも一つの関数にする\n",
    "\n",
    "#量子化テーブルを，DCTの結果とJPGをもとに作成する\n",
    "#圧縮・通信方式を考える\n",
    "\n",
    "#画像の表示方法"
   ]
  },
  {
   "cell_type": "code",
   "execution_count": 68,
   "metadata": {},
   "outputs": [
    {
     "data": {
      "text/plain": [
       "-1"
      ]
     },
     "execution_count": 68,
     "metadata": {},
     "output_type": "execute_result"
    }
   ],
   "source": [
    "#表示\n",
    "import cv2\n",
    "\n",
    "Y_recrypt[Y_recrypt<0] = 0\n",
    "Cr_recrypt[Cr_recrypt<0] = 0\n",
    "Cb_recrypt[Cb_recrypt<0] = 0\n",
    "Y_recrypt = Y_recrypt.astype(np.uint8)\n",
    "Cr_recrypt = Cr_recrypt.astype(np.uint8)\n",
    "Cb_recrypt = Cb_recrypt.astype(np.uint8)\n",
    "\n",
    "\n",
    "merge_YCrCb_1 = cv2.merge((Y_recrypt[0], Cr_recrypt[0], Cb_recrypt[0]))\n",
    "merge_1 = cv2.cvtColor(merge_YCrCb_1,cv2.COLOR_YCrCb2BGR)\n",
    "merge_YCrCb_2 = cv2.merge((Y_recrypt[1], Cr_recrypt[1], Cb_recrypt[1]))\n",
    "merge_2 = cv2.cvtColor(merge_YCrCb_2,cv2.COLOR_YCrCb2BGR)\n",
    "merge_YCrCb_3 = cv2.merge((Y_recrypt[2], Cr_recrypt[2], Cb_recrypt[2]))\n",
    "merge_3 = cv2.cvtColor(merge_YCrCb_3,cv2.COLOR_YCrCb2BGR)\n",
    "\n",
    "\"\"\"\n",
    "cv2.namedWindow(\"Image0\", cv2.WINDOW_NORMAL)\n",
    "cv2.imshow(\"Image0\", merge_0)\n",
    "cv2.namedWindow(\"Image1\", cv2.WINDOW_NORMAL)\n",
    "cv2.imshow(\"Image1\", merge_1)\n",
    "\"\"\"\n",
    "cv2.namedWindow(\"Image2re\", cv2.WINDOW_NORMAL)\n",
    "cv2.imshow(\"Image2re\", merge_3)\n",
    "cv2.namedWindow(\"Image2\", cv2.WINDOW_NORMAL)\n",
    "cv2.imshow(\"Image2\", img3)\n",
    "cv2.waitKey()"
   ]
  },
  {
   "cell_type": "code",
   "execution_count": null,
   "metadata": {},
   "outputs": [],
   "source": [
    "#"
   ]
  }
 ],
 "metadata": {
  "kernelspec": {
   "display_name": "Python 3",
   "language": "python",
   "name": "python3"
  },
  "language_info": {
   "codemirror_mode": {
    "name": "ipython",
    "version": 3
   },
   "file_extension": ".py",
   "mimetype": "text/x-python",
   "name": "python",
   "nbconvert_exporter": "python",
   "pygments_lexer": "ipython3",
   "version": "3.10.5"
  },
  "orig_nbformat": 4,
  "vscode": {
   "interpreter": {
    "hash": "23719956ed4331ab4b2e0a2fc856626cea1944940a579853aebcb7f78afde540"
   }
  }
 },
 "nbformat": 4,
 "nbformat_minor": 2
}
